0 0.80405
3600 0.95105
7200 1.0871
10800 1.12
14400 1.082
18000 0.95205
21600 0.78105
25200 0.58205
28800 0.44505
32400 0.39405
36000 0.42805
39600 0.53305
43200 0.70605
46800 0.90305
50400 1.056
54000 1.1481
57600 1.1521
61200 1.086
64800 0.93105
68400 0.76305
72000 0.60005
75600 0.50105
79200 0.50005
82800 0.57805
86400 0.70805
90000 0.86405
93600 1.026
97200 1.106
1.008e+05 1.118
1.044e+05 1.073
1.08e+05 0.93605
1.116e+05 0.81805
1.152e+05 0.65405
1.188e+05 0.55605
1.224e+05 0.52905
1.26e+05 0.60205
1.296e+05 0.74305
1.332e+05 0.91205
1.368e+05 1.086
1.404e+05 1.2611
1.44e+05 1.335
1.476e+05 1.332
1.512e+05 1.238
1.548e+05 1.1421
1.584e+05 0.98105
1.62e+05 0.87105
1.656e+05 0.77405
1.692e+05 0.76705
1.728e+05 0.87105
1.764e+05 1
1.8e+05 1.1401
1.836e+05 1.298
1.872e+05 1.447
1.908e+05 1.3901
1.944e+05 1.2791
1.98e+05 1.108
2.016e+05 0.93505
2.052e+05 0.83705
2.088e+05 0.75105
2.124e+05 0.73005
2.16e+05 0.79105
2.196e+05 0.92505
2.232e+05 1.0591
2.268e+05 1.2361
2.304e+05 1.326
2.34e+05 1.364
2.376e+05 1.331
2.412e+05 1.201
2.448e+05 1.0691
2.484e+05 0.92205
2.52e+05 0.84405
2.556e+05 0.75405
2.592e+05 0.76605
2.628e+05 0.83105
2.664e+05 0.93805
2.7e+05 1.0791
2.736e+05 1.198
2.772e+05 1.229
2.808e+05 1.203
2.844e+05 1.117
2.88e+05 0.98705
2.916e+05 0.83705
2.952e+05 0.71105
2.988e+05 0.63605
3.024e+05 0.62205
3.06e+05 0.69305
3.096e+05 0.82805
3.132e+05 1.002
3.168e+05 1.1661
3.204e+05 1.254
3.24e+05 1.286
3.276e+05 1.248
3.312e+05 1.1341
3.348e+05 0.99305
3.384e+05 0.83705
3.42e+05 0.72105
3.456e+05 0.66005
