0 1.6006
3600 1.7476
7200 1.8836
10800 1.9166
14400 1.8786
18000 1.7486
21600 1.5776
25200 1.3786
28800 1.2416
32400 1.1906
36000 1.2246
39600 1.3296
43200 1.5026
46800 1.6996
50400 1.8526
54000 1.9446
57600 1.9486
61200 1.8826
64800 1.7276
68400 1.5596
72000 1.3966
75600 1.2976
79200 1.2966
82800 1.3746
86400 1.5046
90000 1.6606
93600 1.8226
97200 1.9026
1.008e+05 1.9146
1.044e+05 1.8696
1.08e+05 1.7326
1.116e+05 1.6146
1.152e+05 1.4506
1.188e+05 1.3526
1.224e+05 1.3256
1.26e+05 1.3986
1.296e+05 1.5396
1.332e+05 1.7086
1.368e+05 1.8826
1.404e+05 2.0576
1.44e+05 2.1316
1.476e+05 2.1286
1.512e+05 2.0346
1.548e+05 1.9386
1.584e+05 1.7776
1.62e+05 1.6676
1.656e+05 1.5706
1.692e+05 1.5636
1.728e+05 1.6676
1.764e+05 1.7966
1.8e+05 1.9366
1.836e+05 2.0946
1.872e+05 2.2436
1.908e+05 2.1866
1.944e+05 2.0756
1.98e+05 1.9046
2.016e+05 1.7316
2.052e+05 1.6336
2.088e+05 1.5476
2.124e+05 1.5266
2.16e+05 1.5876
2.196e+05 1.7216
2.232e+05 1.8556
2.268e+05 2.0326
2.304e+05 2.1226
2.34e+05 2.1606
2.376e+05 2.1276
2.412e+05 1.9976
2.448e+05 1.8656
2.484e+05 1.7186
2.52e+05 1.6406
2.556e+05 1.5506
2.592e+05 1.5626
2.628e+05 1.6276
2.664e+05 1.7346
2.7e+05 1.8756
2.736e+05 1.9946
2.772e+05 2.0256
2.808e+05 1.9996
2.844e+05 1.9136
2.88e+05 1.7836
2.916e+05 1.6336
2.952e+05 1.5076
2.988e+05 1.4326
3.024e+05 1.4186
3.06e+05 1.4896
3.096e+05 1.6246
3.132e+05 1.7986
3.168e+05 1.9626
3.204e+05 2.0506
3.24e+05 2.0826
3.276e+05 2.0446
3.312e+05 1.9306
3.348e+05 1.7896
3.384e+05 1.6336
3.42e+05 1.5176
3.456e+05 1.4566
